hyperparameters:
  aleatoric: true
  batch_size: 256
  dropout_prob: 0.30000000000000004
  input_dim_fp: 128
  input_dim_gex: 867
  lr: 0.0007110924757219326
  max_epochs: 100
  mc_T: 50
  units_per_layer:
  - 128
  - 64
input_dim: 995
